Stage,Dropped,Speed,Speed Reduction,Reduction per Cell
Initial,0,444.779268,0.000000,0.000000
1,1557,444.283717,0.495551,0.000318
2,1557,439.916432,4.367285,0.002805
3,1557,433.701748,6.214684,0.003991
4,1557,421.301069,12.400679,0.007964
5,1557,406.642873,14.658197,0.009414
6,1557,381.891774,24.751098,0.015897
7,1557,344.490884,37.400891,0.024021
8,1557,293.879650,50.611234,0.032506
9,1557,163.357971,130.521679,0.083829
Final,1556,1.162501e-05,1.633580e+02,
