Stage,Dropped,Speed,Speed Reduction,Reduction per Cell
Initial,0,2527.830416,0.000000,0.000000
1,1557,2526.752973,1.077444,0.000692
2,1557,2521.213080,5.539893,0.003558
3,1557,2514.095447,7.117633,0.004571
4,1557,2490.518128,23.577319,0.015143
5,1557,2434.739909,55.778219,0.035824
6,1557,2344.824474,89.915436,0.057749
7,1557,2175.999269,168.825205,0.108430
8,1557,1913.160283,262.838986,0.168811
9,1557,1088.044943,825.115340,0.529939
Final,1556,1.163104e-05,1.088045e+03,
